87	45	72	-48	-82	-76	28	83	69	-41	33	-43	-94	-2	28	-29	0	-70	-96	-45	-61	-67	-73	-39	-53	53	-43	68	-44	-90	-52	48	16	39	-8	-96	-53	-60	-59	59	-40	-56	30	-20	-54	66	-98	8	-9	94	-9	30	-95	-48	19	-35	68	-83	62	-15	-20	90	66	13	90	-44	28	40	-71	95	-46	38	74	-32	-66	-90	7	-14	75	91	89	0	82	-25	91	-20	51	-94	-86	95	42	79	39	69	13	-20	-9	-71	72
40	4	-84	50	92	18	-69	79	27	-2	-30	26	-42	62	53	4	21	44	-17	53	53	-83	-30	41	-28	-91	49	68	-40	71	-91	-46	-54	-35	36	88	42	22	40	-35	-19	27	-42	85	34	23	-68	-67	94	-98	-33	68	23	11	34	-36	28	67	31	-77	36	84	-2	-88	12	-1	-97	-24	77	-9	-88	72	-17	-72	9	-58	50	60	82	-90	-21	-60	2	-61	-74	-76	86	-46	59	-2	66	-4	83	81	-67	-59	69	65	39
-17	-29	-76	0	22	98	-89	45	-61	13	-58	10	24	64	25	-42	-55	-90	-19	-52	56	-4	56	-74	29	92	77	14	-46	-52	-74	-56	-43	74	-95	41	28	14	5	-40	42	38	9	61	17	0	-6	-42	-75	4	-43	28	7	-47	-77	18	73	-42	90	39	0	-3	68	12	-22	-81	-87	-68	-53	28	27	32	1	77	-36	-59	-48	-28	56	-95	86	-67	93	-62	40	68	-13	-18	96	24	19	-5	-94	70	17	-39	61	1	-91
-52	-80	-95	22	37	66	-86	88	11	1	71	-37	10	88	93	84	-53	13	-78	-58	-19	20	-86	-41	-94	-30	-19	-62	33	-12	43	37	54	38	55	-36	-49	70	-29	40	-38	69	-31	-42	10	43	30	7	-55	84	-86	-38	-27	-10	-10	23	-12	-81	-16	-55	39	29	59	-51	-18	22	35	-86	47	93	13	-54	53	-23	61	-2	40	0	-29	-60	79	-46	57	-65	58	-53	-37	-48	52	-98	-10	-21	9	-31	83	-13	-27	-40	-40
-86	39	77	14	65	88	-35	-60	95	46	90	66	23	-16	-83	20	-25	21	81	8	77	49	-74	-87	7	-89	-61	46	43	69	37	-8	43	-92	17	98	87	-52	55	-23	-22	-89	15	11	89	90	-5	-24	-56	-60	-1	10	29	-49	-92	-98	-62	7	-30	-66	-47	-68	83	79	4	-73	18	-33	-98	81	70	0	6	36	33	15	95	-54	-81	-58	-32	92	-9	-49	-79	54	62	59	-29	-13	-28	77	-54	38	85	3	-2	-75	93
-23	-55	-65	44	-68	-17	66	49	88	-67	-65	51	-44	64	29	-73	20	-56	15	-75	-62	-38	-88	21	63	18	-11	-68	43	-49	-53	-62	-24	66	88	60	-16	-70	-84	37	-46	62	43	-57	70	-53	-19	-38	19	39	44	81	32	89	-78	37	-75	3	88	-10	80	83	15	45	-49	25	4	65	-81	98	23	2	-51	91	46	47	80	-56	27	-28	30	17	11	33	52	-18	19	-75	-8	0	49	-21	22	-28	-54	-66	17	16	-15
-93	17	91	28	-96	-90	6	-86	39	-44	-65	-98	53	91	90	96	-49	43	58	55	-54	-3	87	6	35	0	-11	11	41	-59	27	-25	-27	80	-60	-26	-77	-42	-31	64	-53	-91	33	-84	69	91	13	-71	-92	63	93	-90	82	42	14	-63	61	-64	-77	-16	63	-44	-95	-58	13	30	-97	42	-61	35	-45	36	-98	-53	16	55	1	-96	27	7	-27	-10	-55	-91	92	-48	29	-54	-96	-84	20	-56	84	60	-24	-70	16	-4	-3
59	53	-94	3	-83	56	-65	-69	-77	-16	-49	86	-89	-45	30	91	34	-73	63	86	55	78	3	73	91	-84	-48	71	-11	-1	46	-44	-65	-84	-93	13	36	28	-66	96	-87	-54	-45	30	10	-28	-59	50	-32	54	-42	-91	24	0	59	-7	-84	-58	-32	66	-67	6	54	-78	9	-28	93	17	-49	59	-36	51	70	-63	-66	-94	63	-66	18	33	-20	-6	49	83	42	41	92	6	94	-29	12	-74	-14	-74	-10	57	-91	2	-55
30	6	89	-93	-8	-69	-60	0	20	-28	50	-12	-42	-34	77	-73	-36	53	56	-52	-95	20	84	57	-70	75	-68	-4	73	91	16	-43	30	63	30	73	93	-95	-90	-91	-47	-67	48	-85	-10	41	-84	43	-31	7	35	-58	-82	12	43	92	-41	71	-77	-59	73	-21	-54	27	-25	-18	68	51	-16	88	33	74	45	-12	9	-80	62	-70	10	23	8	96	39	79	-12	-41	24	60	49	58	20	-70	-4	81	-16	-92	75	43	-77
55	50	-55	-14	-69	42	-41	41	56	-82	-43	96	-58	-40	58	-78	58	54	67	37	66	-25	95	-30	-57	48	-58	-80	-25	-10	55	87	29	6	-42	29	45	-30	0	-65	51	-98	-43	71	-90	71	-50	-28	58	-36	-23	93	5	64	-38	-80	74	-74	-71	8	67	87	37	68	69	53	-18	47	-43	39	-71	-89	33	19	75	-90	78	97	-35	60	-25	2	90	-1	-69	-21	-65	26	-96	-69	-70	-38	-14	-27	10	-98	53	-34	-52
38	55	82	38	-88	-97	-88	89	65	26	19	-65	94	43	-14	80	-35	9	52	38	-52	-83	17	64	-6	-25	-12	-34	70	-73	79	0	-56	-74	64	-69	37	-83	9	-14	-68	-76	7	0	97	76	26	-56	44	76	32	63	33	-60	62	-30	-26	56	-88	88	-75	-46	94	-45	36	-25	13	29	65	-13	76	-22	-98	-98	-43	-88	20	-88	90	-2	50	-54	85	45	-12	73	97	46	33	98	47	-17	-85	74	30	-81	-35	54	84
-92	56	-1	77	50	-74	33	48	-77	8	-34	75	92	30	81	50	35	8	-73	-40	-41	19	-98	37	69	-97	-25	-18	53	9	67	-9	-57	-50	67	-51	92	-81	55	-38	-24	12	91	24	98	-58	-93	80	-20	10	13	-39	71	-88	78	-10	-96	11	-92	-38	-74	68	-56	-29	-8	76	74	78	16	-96	46	23	22	-22	30	92	-17	-28	-68	90	-91	91	-36	77	-58	18	30	36	31	-38	52	21	-81	45	17	-96	91	29	-8
-14	-52	47	66	-52	-65	-17	-45	-1	93	-79	91	-72	10	50	-11	95	5	48	48	73	56	66	-61	-71	-1	2	-96	4	57	-23	-84	2	-37	7	-93	-60	18	-68	-76	89	-82	-61	-54	-50	-73	19	-80	91	-12	84	83	89	55	-73	87	-96	37	-83	-34	-41	-41	-27	-66	79	71	10	24	74	53	86	-29	-96	-89	-47	30	-59	-65	60	72	-81	-31	55	-3	91	-24	47	84	-79	50	24	18	-87	61	46	-90	37	19	-84
66	-26	-77	98	60	62	-40	-21	58	68	-48	0	60	-27	75	-75	19	79	52	73	-55	45	55	-51	-78	-69	19	-93	-46	90	62	-91	-59	26	-25	-80	38	14	-53	-73	-45	41	3	42	79	36	-43	-17	94	87	-90	-87	16	-23	-78	2	0	-66	7	-10	81	-25	38	-16	47	54	-16	-39	-73	-50	-16	6	85	-5	24	-30	44	25	-83	43	57	72	-53	23	62	-85	-42	-5	-2	24	75	-76	-86	24	16	28	22	-69	-46
69	43	48	-42	-55	89	20	-22	-31	-24	68	34	72	-58	49	-75	-10	-24	54	54	87	64	42	49	89	-76	28	-87	0	56	-15	-83	31	-26	28	88	-66	52	1	95	89	58	-13	-11	-83	-18	91	-33	29	70	-72	7	1	-31	-10	-48	61	13	-29	-75	-38	71	-45	-57	-18	71	50	-13	83	-64	-22	71	49	-26	-47	31	60	-64	-15	-65	-75	51	33	-32	-14	86	71	-4	95	-46	49	-40	17	85	-47	83	23	-27	36
26	-84	19	94	89	-98	-28	-87	-79	-90	-70	-76	-24	47	-71	55	76	4	-83	-2	2	77	-36	96	-2	74	20	22	-14	21	2	-45	-82	-22	-94	29	-25	-32	-39	33	-86	-74	-81	-10	78	73	-28	78	-83	-14	-63	-97	52	47	-6	98	94	-31	-21	51	56	43	-65	-55	23	33	-43	12	36	48	30	13	-26	-75	-94	-20	74	-12	-82	51	48	-66	-1	93	-20	66	66	95	57	28	37	-61	-68	-9	-94	-89	33	-13	32
53	52	46	3	82	-82	-18	73	-32	-68	-69	-31	52	36	-14	-86	14	22	81	-87	42	10	-2	71	-78	-69	7	83	-56	24	88	59	-4	-61	75	97	-83	55	-34	41	-67	-53	-6	-19	-54	-7	14	-17	-25	11	18	0	84	-50	30	-77	76	93	-84	-55	34	-84	56	-51	74	43	63	-85	40	45	-89	-84	-39	-98	92	78	-82	-9	-51	12	16	58	-17	38	72	-92	79	-25	-11	-90	-82	-30	14	83	-90	-36	31	-9	-81
-89	-5	-62	-77	26	71	60	-97	-23	5	68	53	-15	80	-54	42	-9	36	-31	-27	-51	92	-66	-83	12	75	65	62	48	49	37	-12	16	-17	-37	-94	14	-97	48	-31	60	30	-12	76	34	84	94	7	-72	23	91	-41	16	5	-14	51	-47	-38	-53	-95	13	56	-20	-74	-87	-31	27	89	46	18	-7	-45	-85	-43	-49	-6	-26	66	-57	-86	94	32	-58	-3	27	30	10	-78	-35	16	19	1	-17	-22	-73	14	41	-10	-15
-73	81	-66	22	4	17	-85	44	-35	73	-77	41	48	-13	93	87	25	-47	-76	77	14	-2	-26	-15	47	-97	-21	16	-82	76	-2	27	-27	85	72	48	-37	-91	-17	-68	-78	6	-30	-84	38	18	95	-49	79	70	20	75	-30	96	30	67	-54	-51	27	9	3	68	-11	47	49	82	-49	-53	65	-97	-62	90	-1	-56	0	-41	94	19	-32	28	-93	-51	98	-86	-59	64	-82	0	-19	24	-12	71	-84	-41	0	-85	4	-96	5
-57	-29	41	-81	-40	83	76	-6	22	91	91	67	-79	42	56	35	-98	-81	11	-48	51	52	-11	-93	92	-58	-39	27	59	-39	20	-55	78	-15	55	-47	81	94	9	-35	-7	-90	61	19	24	-65	68	-33	-88	-85	98	-39	97	0	77	36	0	-3	63	30	33	-30	15	60	12	16	23	-95	-88	-10	-28	-37	80	-3	65	-37	26	92	-72	-97	-81	-83	21	-35	10	-40	25	-58	32	-16	5	-10	-44	91	-37	-43	-47	-55	-78
-97	1	43	-92	-46	-28	70	80	-62	-94	0	-69	22	-41	19	-91	23	-96	54	-82	28	-87	-74	22	58	-30	-73	96	-52	37	-33	-49	-23	-15	-52	-57	48	-97	0	0	71	-13	12	1	27	35	32	-47	-29	33	16	-35	-18	33	-29	4	-34	70	0	-46	31	23	17	-61	-60	-55	-7	66	25	-30	71	65	88	12	38	-59	-75	-54	25	62	-47	-60	-34	-73	-39	39	-77	69	25	-85	32	25	74	97	-46	-19	17	4	80
-3	47	-25	9	-54	-92	-39	-98	-97	82	37	97	88	-84	59	52	57	-35	7	77	-45	-45	-70	30	33	10	-30	-77	78	92	41	-72	-74	-15	-71	-50	-29	-19	-58	9	6	-70	21	-22	73	-38	60	-7	-49	-23	-1	89	97	20	64	0	-31	-28	42	52	-69	39	75	-77	68	-16	81	20	12	-57	25	-75	14	-75	-70	73	-48	-40	-37	-38	-85	-44	72	39	-6	-76	-85	57	71	-93	51	63	38	-36	40	-24	-65	-42	91
1	-61	-98	-17	-19	-55	96	-38	31	95	25	31	25	88	-14	-94	-32	-57	18	14	22	-52	69	-52	-39	4	50	-42	-4	-79	-86	79	90	-11	-41	80	-10	-65	58	66	-53	43	-86	26	-80	71	51	-37	77	49	-37	70	15	0	30	-86	-43	-22	-44	12	-30	-7	-30	-64	97	95	-17	-19	-41	88	17	32	-19	31	-48	-42	9	-59	-83	0	-95	-23	-70	77	-63	45	50	-15	1	8	41	-61	95	59	-25	-77	-91	11	-82
7	-41	45	3	-59	28	-82	17	-20	5	-97	68	-77	-83	-4	58	-43	55	-70	-95	-41	-31	69	-35	53	-77	63	58	-41	90	5	26	-43	-15	46	32	-60	54	-48	89	92	-25	31	-25	33	78	74	14	-52	82	-32	-78	-13	57	-84	61	58	30	-67	85	30	3	-76	-85	-88	93	-87	32	24	15	28	83	-73	54	-69	-77	-31	-21	-26	48	-58	-5	40	89	82	-3	-87	93	-15	-35	16	-69	89	-44	7	-78	-13	-11	-52
0	0	48	73	-84	-42	-88	35	2	-37	-66	66	-8	8	-18	66	19	65	-93	56	-88	52	-36	-51	22	-58	-21	89	31	-13	79	41	-38	-85	-43	96	42	8	-38	83	-71	0	-32	64	-61	70	-92	10	-25	85	-85	0	-26	27	78	93	-6	-64	16	-8	-34	-4	25	91	-75	24	77	-36	-71	53	62	82	55	-18	-13	-84	-53	38	94	28	-19	-31	78	-23	73	-21	3	-64	94	55	-81	77	-54	43	9	-59	-24	94	-78
-72	-94	-19	12	56	-42	-18	-12	-56	22	25	-26	23	30	-91	98	58	-14	-9	36	29	29	79	-67	23	-80	-12	-84	75	-45	-69	-56	18	-7	70	58	-86	45	96	-95	-65	-20	26	-25	1	88	-58	72	-58	-91	23	43	-64	63	28	88	73	25	7	-24	-2	-30	0	-69	-58	50	-69	94	54	56	70	62	-70	-21	77	5	-9	-69	-5	-81	-74	84	-18	-75	47	25	-45	54	-85	93	-41	40	47	62	-40	23	89	-80	49
3	22	-86	27	-77	-89	-19	-87	-29	-13	57	-32	-43	23	-70	-91	14	59	-24	-10	9	89	24	0	74	11	1	-21	84	0	14	82	-61	47	29	-12	44	96	-20	-37	-35	0	-95	21	-71	-63	-83	-15	-53	73	-38	-84	-75	26	63	-65	-36	-80	19	10	61	90	35	74	95	48	-15	68	-81	-65	2	4	-5	97	-47	-32	-4	65	-34	90	-81	-61	67	71	-94	73	81	-56	-15	-35	-4	0	-6	90	3	68	54	-25	0
-83	-21	7	-36	59	-19	-38	-85	-43	-62	38	40	82	41	29	-2	96	97	90	71	-32	-32	-41	58	25	32	88	-66	-36	68	31	-22	15	61	-34	-25	-26	23	0	97	81	-62	8	-81	-45	72	-62	6	21	-88	-52	-22	-89	12	-92	-69	37	57	-87	-48	-64	87	14	-50	-91	42	31	15	-56	-84	7	-72	-16	98	87	30	-36	9	-59	3	-62	-71	-92	0	-72	94	44	29	13	81	91	52	-5	19	-42	77	66	-8	-82
8	61	-43	37	19	4	-15	-27	-36	41	-85	-39	-85	40	23	10	-18	73	67	26	36	-24	34	4	35	-67	8	24	88	-36	63	-16	-12	84	25	41	12	-51	40	66	-48	-9	32	59	23	-91	-86	-5	-35	-17	75	-48	-58	-86	-68	-93	79	44	-54	-98	-59	3	5	59	19	-91	5	-52	-93	-89	-77	41	13	-60	59	-18	-54	-94	61	88	-60	-66	46	44	-80	28	93	-35	-55	63	98	-25	51	-13	55	45	-75	83	-18
-20	11	-67	72	-20	-91	76	-30	-70	85	29	-62	-95	72	50	-56	32	-87	-84	-80	-12	24	-25	-20	-94	-53	-77	-68	-57	-82	44	5	47	88	39	80	-19	-54	-95	-91	35	-43	6	-77	-30	91	31	-91	42	13	49	-59	-9	73	14	91	13	59	-7	49	-27	29	94	37	-71	-86	-94	-75	50	-66	15	41	58	-3	-2	8	76	1	60	71	72	55	-1	-73	89	6	-21	61	21	-66	-26	-64	-64	92	-25	-37	-94	-93	-78
-47	19	80	62	46	93	85	-6	-78	45	-71	-64	-63	-62	-32	-47	-96	-96	36	45	58	49	-44	-90	60	-71	-79	-28	-78	65	91	23	94	-37	-55	-92	48	-94	91	-32	-59	-73	-74	-22	74	-22	59	-76	-66	92	17	54	-75	26	36	36	-32	74	34	5	82	-90	29	5	47	22	-13	-97	-51	-90	85	37	-26	-76	8	18	78	71	36	-73	73	55	-68	-22	-32	-11	72	-26	-78	-70	-24	-54	85	90	-25	93	93	-85	-68
67	43	83	4	4	18	0	-3	-40	84	42	-50	51	35	-1	64	86	63	65	48	89	-94	-19	-9	-47	-50	-65	15	-8	47	75	2	6	48	77	73	26	-7	-89	54	75	-70	-73	67	20	28	-84	-72	5	40	43	65	-36	-56	26	-74	-31	-83	-10	13	-43	-8	-17	-60	4	-63	10	74	-52	19	41	66	-43	-22	62	-63	-91	12	97	24	53	-86	-93	-69	87	-33	-1	0	-2	66	-57	-71	-28	-5	55	48	-74	-98	-51
-22	-39	23	63	18	68	19	-87	12	82	-38	32	2	97	-62	45	-45	61	79	-20	51	-88	3	96	89	7	82	-61	58	45	46	79	26	28	34	-73	69	2	70	55	49	64	94	-16	-73	43	-44	-60	84	14	-47	-67	53	-45	66	-22	44	-10	50	43	46	-79	34	-36	71	49	84	33	-13	-91	28	-78	42	-34	-80	0	97	-89	55	81	13	-38	-97	53	-87	-94	-24	29	44	92	35	43	93	-21	55	-48	90	-92	23
74	67	47	-5	52	38	10	64	-8	-37	7	2	13	31	92	86	67	23	87	33	96	-42	-39	48	69	-52	9	-60	80	-16	57	21	47	-15	-11	-6	-97	9	63	5	-89	3	47	-42	2	41	46	45	12	18	-89	35	-1	-47	91	-56	88	-13	-18	44	73	64	-36	-95	58	-2	-31	25	-29	-39	-51	-43	20	-13	89	-25	-8	-18	-2	-43	-68	-52	68	-65	12	-43	13	74	14	-98	96	-78	-81	-33	31	-86	0	-94	50
72	-15	59	-13	-88	-54	17	31	-70	46	-40	-35	-8	0	5	63	-85	-13	-34	95	-36	38	9	81	12	-78	83	-88	-93	15	-91	42	59	-10	96	-50	-63	17	-64	-23	-40	96	-1	-43	97	-46	85	-25	-48	69	-23	-10	-17	13	5	89	45	-86	52	91	-57	-66	-70	54	-46	83	-16	-54	-9	13	5	-39	-11	32	35	-77	-28	-22	-74	-36	-56	-82	84	-22	92	95	-85	-23	2	59	11	49	-59	-45	-57	25	-90	-85	33
-26	0	0	-37	34	-86	41	35	32	-77	6	-96	96	14	-26	29	74	92	-69	-18	-93	57	92	-9	-85	30	-10	-55	-53	-29	-78	-52	-82	-31	93	72	60	-25	-45	25	-88	33	-26	9	96	-4	4	-89	-6	-9	-2	-8	-24	-20	-50	-85	72	32	90	34	65	-1	-33	-38	54	-79	64	21	63	-62	-88	21	-52	95	55	65	77	12	-42	-67	-98	66	-44	75	-30	-45	26	-86	-84	30	-2	48	66	-39	3	4	57	88	-35
52	-19	53	46	13	-4	51	16	-86	-8	95	92	10	75	-4	-26	50	50	65	32	59	59	-66	-29	-11	93	-53	-23	28	66	-6	54	-95	3	-20	-50	64	6	-26	-74	-4	-3	-24	43	-57	18	-90	-84	0	42	-57	2	-70	54	64	86	92	-97	25	-32	92	-82	44	-88	-91	29	30	-9	78	92	-50	-77	-51	-61	-42	-67	32	83	-50	-65	-21	-54	88	-7	-19	83	-38	7	-91	-74	-72	-58	-62	-45	85	32	80	-4	44
-15	-48	31	0	56	79	95	-28	-20	-37	78	-94	-29	-26	-58	-47	-88	-52	97	-24	81	97	30	3	-59	-68	21	-81	-71	55	-29	85	21	-94	-97	-69	-12	-44	96	-90	36	33	-39	48	-5	7	-86	-15	62	-96	22	64	81	-44	76	51	49	67	52	70	64	93	62	-93	-32	96	-53	-4	57	75	5	36	-34	65	-68	-17	-77	66	48	-57	85	-1	80	-35	1	40	6	14	-27	52	-31	49	-61	-13	58	-76	-75	-4	20
79	-26	23	-35	-31	73	-59	9	5	-75	1	20	-97	-90	77	37	-13	4	-63	77	-19	-55	-12	-17	-32	-55	-22	-68	-72	-53	-91	-85	71	-20	-4	-58	74	-54	53	59	88	32	17	-25	-25	56	75	-8	39	-93	-75	22	-69	95	96	-63	71	-69	78	-8	1	-19	56	-63	32	-89	34	-40	-66	-37	-96	-63	46	-1	-6	81	-75	-38	3	70	6	44	90	62	-45	-27	-82	37	57	-78	-95	82	51	94	11	21	-96	90	43
-2	-65	-82	75	-48	70	55	31	2	-11	-38	-69	-43	6	-51	-81	-47	-5	84	91	61	42	15	23	1	93	-38	39	90	-41	-49	45	46	67	-22	50	-45	-39	92	-58	32	-74	12	-91	94	-2	62	41	86	-25	-1	9	94	48	56	-19	-82	-89	-17	-22	-53	-88	-93	17	-19	-28	-37	20	7	-27	-92	-32	-87	47	-78	50	-45	-6	-48	-74	43	42	20	-17	5	56	47	-77	14	-46	-80	22	-22	93	64	-27	-46	77	39
8	-51	5	75	53	-68	-61	-85	-82	-53	-68	-60	-19	14	31	-6	-4	84	-45	-18	50	83	-75	62	-4	-44	28	-24	34	-62	49	9	-7	-1	42	8	-67	84	44	23	19	-78	60	-96	-56	-33	-72	-56	-44	48	45	48	-11	66	41	10	83	-84	-4	74	-95	34	-33	10	-89	-3	92	9	-41	4	71	97	4	10	-82	93	-59	-45	-12	8	-45	44	-27	60	75	44	-78	-51	-64	71	-69	10	-80	-48	67	47	-21	13	0
65	3	35	65	-84	68	24	29	-43	-51	-75	-88	57	-5	42	94	23	-46	-25	-83	-77	-50	-59	-22	6	93	56	-80	-96	58	-66	-6	86	97	-1	-39	-72	78	-90	-25	-50	-62	8	7	60	-41	-24	-6	-17	20	-31	12	49	-3	63	69	-88	-9	-82	74	-26	36	72	15	-17	-6	12	-14	73	92	-33	-20	91	-15	-18	-47	-2	-58	-16	-26	-9	-97	79	-39	6	-96	41	-20	-79	49	-24	-12	49	94	21	-69	64	-30	-11
37	17	23	-91	63	-86	4	-90	94	-98	-90	-98	-53	1	25	-90	32	-92	63	-74	-45	-44	23	85	-96	-14	-18	-29	-14	-16	-41	-24	14	-24	57	28	96	52	76	-51	32	-89	79	-83	-18	3	-98	-47	-26	55	-78	-4	-84	69	-85	60	75	-75	1	68	-45	65	13	-18	23	-30	56	33	46	-97	23	76	-78	73	-9	76	4	40	-93	-67	59	65	-55	26	63	-79	-49	28	-37	24	8	63	-68	63	4	52	-48	-52	-35
-76	75	90	61	-55	-88	20	83	57	-61	-86	-60	72	29	-19	-55	-90	-29	-9	88	-59	-96	-69	-34	49	-33	57	-56	18	-15	-95	0	-23	59	-30	-93	-5	-75	81	85	-35	-73	29	-27	-40	-72	66	90	44	-39	57	63	0	-8	-33	-26	-69	28	12	-40	-25	-74	96	89	-37	-34	79	29	-14	62	-55	-35	59	37	-93	44	-44	-65	8	20	-64	-20	81	90	81	-95	38	-27	91	18	4	-38	-81	29	9	85	74	49	0
-12	-17	11	-97	-46	64	-55	-28	-15	58	-36	53	-60	-93	-47	8	-69	86	-40	-97	52	-54	57	-71	45	67	-57	-34	65	86	-50	-5	-23	-60	-65	55	7	-22	-27	17	-7	72	37	31	-66	-62	-50	36	14	89	-87	-88	85	21	-91	83	-22	78	66	27	64	-11	82	34	-19	-81	-89	76	-63	53	63	-89	-49	52	-19	-85	11	-71	-50	38	-28	-59	-31	66	-76	-75	93	-67	-24	70	4	1	-29	-20	-23	53	-77	88	-53
-22	89	-47	-94	-60	-15	-88	10	-25	-40	-1	-42	49	-36	-40	9	-38	-98	-5	69	-19	-68	63	38	74	-19	-14	-58	-5	-88	55	16	-58	-38	16	-67	-68	-10	-37	-75	16	38	-22	98	57	-46	-72	23	3	34	-57	-11	56	-28	-74	-55	20	6	46	38	98	59	10	67	54	-91	-65	-71	53	-69	-61	60	-1	-7	20	18	77	-44	-58	97	-94	-59	15	-4	98	87	62	-42	-35	10	-29	-60	-64	0	-16	-27	-29	52	-6
-27	8	47	-72	34	71	-14	-24	60	-59	-54	-80	-69	-48	26	26	16	55	-21	-15	61	-23	-8	84	-4	2	1	75	43	53	-85	6	67	-15	-14	-71	22	-79	-38	73	46	61	6	23	-19	-46	24	68	-42	24	-70	-53	-97	88	-39	85	-38	-96	-18	27	-13	31	81	-53	78	57	97	-15	40	-22	-30	51	79	-38	-98	-84	-9	-60	86	53	-37	53	94	89	61	87	29	44	-7	-56	-73	73	-74	-66	-45	-45	26	50	-30
-52	-73	34	-44	28	-87	75	32	-84	-14	27	-74	-95	-65	-12	-31	84	10	-26	89	-91	-50	-67	86	-69	-4	26	86	62	30	-49	-24	-68	-29	-58	98	-16	-72	44	-8	83	-44	-84	-71	86	15	5	-81	37	-12	-83	40	-72	-24	3	42	-84	7	0	84	-12	-65	33	41	3	-45	-89	80	-24	58	-2	-21	-69	-77	-86	-55	-91	-82	87	-25	19	95	26	-44	11	-79	70	-4	45	10	54	77	-71	39	-2	78	-21	-89	67
93	-51	55	-33	-5	6	52	-40	48	22	-49	1	57	-79	-34	-16	-3	51	-69	-67	56	47	-70	-82	21	-67	-83	73	-19	2	-15	86	39	40	-40	5	34	-56	-65	81	-75	-28	9	-40	-27	-24	21	87	53	67	62	17	-88	-85	-83	72	-25	-65	-37	21	-28	89	71	-58	28	-92	58	-33	47	45	79	-63	-21	13	22	-35	-78	-25	49	-97	70	-76	-37	-72	-10	52	-66	86	-89	32	-53	66	45	-32	23	-17	27	57	81
-53	-68	78	54	-47	20	-18	-84	-60	89	-73	78	21	-6	-5	80	-87	-28	17	20	12	-60	20	-26	-49	-20	-15	-66	77	73	12	-97	10	-58	11	-94	-25	-85	10	69	-56	63	-61	-69	1	-59	3	54	-5	-85	-89	96	56	0	40	-26	-74	50	-37	-73	75	52	11	8	43	-57	-62	-35	36	58	13	-9	89	75	-17	-7	56	-34	44	-88	7	91	-35	-97	-36	-79	12	-38	74	-41	-35	-84	-18	-7	2	55	-9	-52	36
85	16	-10	-45	25	71	11	76	-90	14	-96	62	-41	37	21	64	12	-4	74	-87	51	21	-14	-95	76	-67	-12	-23	-14	-64	-45	62	37	-42	-48	67	-56	-20	-81	-53	-18	-2	55	-13	-6	43	74	-11	31	-76	94	-22	51	59	94	-53	-18	-52	49	-3	-85	66	-58	21	70	19	58	-67	26	52	8	-31	16	79	42	56	49	-19	-3	0	-60	-12	40	36	-74	-14	-25	67	-93	-37	71	38	-77	-90	-73	-39	-60	17	-43
-72	97	40	-67	-66	-66	-91	-66	21	-34	27	68	-95	-79	-85	-62	-22	-8	-56	-28	98	91	-90	-96	47	44	53	-91	-88	-52	-66	-47	-95	27	34	-41	-29	-73	85	-25	-39	36	-82	19	-69	-42	79	74	0	-97	-97	-15	70	-61	-51	54	55	2	54	-46	5	-98	50	68	15	-66	-14	38	46	79	48	-12	58	-16	-79	-91	-14	5	-54	94	91	-61	-68	-91	17	2	-13	-3	-44	41	10	90	32	86	64	-91	-11	-24	53
73	12	-83	33	-19	37	26	-90	88	-90	-23	-1	19	-37	-12	-14	-32	-48	-35	79	-57	-84	35	71	53	78	-35	38	-79	37	83	83	-94	-9	42	21	-72	-65	74	7	-29	19	-89	-55	-35	-90	11	86	80	-79	-32	-82	8	73	94	-66	47	-58	43	-94	-78	55	58	-15	64	71	-92	94	38	-90	-69	-28	-3	86	47	-60	-64	-76	89	-70	27	11	23	98	15	-76	-49	51	-38	72	-47	80	-9	58	-35	-34	-10	-8	-96
71	82	-82	-77	-76	81	-15	39	-4	34	49	27	81	-90	49	-12	-54	83	-32	0	-69	55	72	73	-88	79	-50	-67	-43	-27	-29	31	-97	-43	-69	19	53	-35	-86	43	-48	58	44	-31	-7	-96	53	-76	-39	12	55	-39	35	55	-80	83	29	52	-51	43	55	11	-16	-74	-93	68	-1	54	94	64	89	-97	36	-76	81	-87	-53	-47	66	-85	-40	-36	-31	8	75	94	96	-65	76	-11	91	46	34	7	49	-63	-91	79	60
51	-90	-77	-75	58	11	-77	95	-43	27	-52	26	9	-71	-56	77	-68	93	-30	-27	96	-33	36	-24	63	-2	63	14	79	-22	65	-54	32	-84	-44	-4	-53	95	-22	-11	56	-7	-38	-51	-5	63	-43	55	54	-21	13	24	-83	23	10	0	-15	97	-32	29	-10	38	64	-57	-37	96	-64	73	-82	87	20	80	-28	-86	98	37	-45	61	-59	89	-81	-63	-51	98	-76	-92	-15	26	19	23	14	54	46	87	-19	66	66	0	-91
-77	47	-27	24	-24	77	77	-94	-7	-1	-92	14	71	-81	-63	89	25	22	-27	-67	-5	-34	49	20	79	-35	-11	91	34	-94	73	-5	48	67	6	5	0	-55	36	-93	45	-57	-78	72	65	68	-70	23	10	39	-71	-64	98	0	-66	18	-40	9	-34	-97	10	-93	-77	-34	-46	43	16	81	22	85	50	-59	20	32	-96	-95	-12	-34	-14	42	3	-21	-86	96	50	-11	36	77	-33	37	40	21	-76	-20	82	-47	44	-47	-20
23	75	34	32	-75	-38	62	-87	-28	-83	35	36	-77	-43	62	0	-18	-11	-27	-49	96	-81	-85	38	-54	96	94	44	-16	21	-13	20	-98	69	20	97	-86	43	36	-57	-77	-28	4	96	-38	44	43	-91	33	-58	-35	-15	33	42	-2	1	-89	-70	92	-56	42	13	97	-42	78	9	46	31	9	57	50	-5	-17	-77	-25	70	43	-7	-82	-3	-50	54	-81	-78	-15	-18	69	-70	-47	-79	-79	20	-80	83	48	97	25	14	-60
-94	23	-39	41	-65	-47	95	11	87	45	28	1	-97	-91	-23	33	27	43	51	92	-58	-69	40	40	-51	90	-11	-66	-60	-14	19	-65	9	-58	-67	-27	70	-45	55	-47	36	17	-39	-17	32	-79	58	-29	-64	93	93	37	-30	-54	-90	-60	-43	-25	-19	3	92	-94	-47	-83	43	85	-18	27	37	1	37	74	-68	-53	75	-19	-82	-82	-93	60	-20	2	-93	-33	2	63	-20	78	-70	-88	58	13	-77	39	72	36	-62	87	-41
6	-35	-17	69	-13	-48	53	53	-61	69	30	28	19	62	-84	-75	53	38	-12	92	-24	-80	-45	74	91	-80	64	17	75	43	53	-27	13	7	-93	-57	10	45	23	17	-96	27	27	-28	-20	-6	97	95	23	-64	30	-69	39	-72	-42	20	-75	-98	-3	-72	-81	0	32	-67	29	-17	74	61	37	-29	7	18	53	70	-75	98	-53	2	81	-72	-53	-21	-88	96	54	34	54	-66	82	43	-13	-95	15	-25	-42	41	65	-77	85
-10	96	-50	14	-1	-6	-34	-70	-37	94	-77	20	31	-64	-76	43	30	-64	10	-88	-91	-49	87	34	96	-73	63	72	-44	-96	54	-69	-43	2	25	-61	-6	-67	-9	-43	-71	98	29	-86	-58	4	-41	-79	-88	81	-55	-42	-30	-56	73	-19	10	-31	51	50	-65	-19	-50	17	29	62	-62	-98	-52	11	-78	-22	-75	14	-17	20	64	-75	-11	-88	59	45	86	12	22	82	95	-6	98	-54	-84	-28	-47	-74	-49	-3	-1	-83	82
60	-59	-15	50	90	-47	-57	-44	-37	92	40	79	-25	-64	59	42	-84	96	78	38	89	-81	68	-49	-4	-90	53	97	-38	74	57	-41	62	-32	-92	48	86	37	-75	-39	27	75	5	10	-30	-83	-72	-64	-25	-77	-97	42	82	61	-4	-94	95	10	-96	-7	-12	-22	17	90	80	79	52	-1	-37	-62	39	75	-64	-39	-58	-95	-40	-42	30	-71	-15	-34	-90	17	-81	-59	81	56	-56	22	-96	-41	93	-23	12	-9	-12	-97	35
11	6	32	-26	-32	59	92	-85	-75	0	-81	-21	4	-5	-47	96	16	85	19	-70	46	38	15	15	-41	77	-61	-89	85	-42	-80	-19	-86	38	-21	79	-49	39	76	-15	59	55	11	-35	-33	72	43	82	-42	-77	-94	-28	-22	63	15	81	-9	40	95	79	57	-96	38	22	-50	89	-74	86	98	-85	-85	-78	-31	-55	18	-90	-52	26	-32	-63	23	55	-34	15	5	31	-5	-78	75	93	-59	6	21	50	69	46	58	-65	-19
-78	-61	-77	92	68	17	-41	8	-15	-62	55	-27	-42	95	50	80	-34	64	-66	-1	-9	82	50	-35	63	-9	88	57	-66	56	52	10	85	37	-40	-62	80	13	28	-49	39	77	-35	24	45	44	-90	3	3	93	90	-31	-90	-93	-54	47	42	-40	-35	22	-42	60	-11	-86	-57	-48	-39	41	42	-33	-27	-23	85	-50	31	-62	-20	-77	33	45	-47	-29	54	-42	35	-27	96	-57	4	36	87	-58	-92	-73	95	-20	-77	-9	30
26	-68	55	-85	-64	-94	-4	33	10	-38	19	-58	-86	-26	9	45	58	67	24	-75	-76	-10	20	-88	-64	-37	25	9	-52	30	92	75	-80	-82	-76	-87	-30	-86	26	69	6	-94	-57	67	-3	-46	39	48	48	86	-60	-45	83	43	91	-81	46	39	0	-19	-73	-7	-22	-91	-75	27	-46	-57	-61	-41	-45	-64	-49	73	45	-19	11	29	31	65	36	-80	-17	-28	83	21	-47	52	-37	31	-82	30	85	22	47	-80	62	62	56
48	-52	-94	35	-6	46	-41	-83	39	41	64	48	85	-86	80	-29	14	35	-51	-43	68	-72	79	0	-37	-26	61	97	-18	67	-37	47	47	20	19	-35	56	69	35	79	19	-88	-83	37	77	83	85	6	63	-47	4	13	42	54	-37	-84	88	-94	18	27	54	-73	14	13	-40	46	34	-44	-28	-92	-70	83	10	74	67	-46	52	-26	-16	12	-91	76	-40	41	-48	45	24	-51	4	-13	46	42	-51	1	73	58	7	89	-5
-87	-40	-11	-26	80	-74	48	-17	-13	-12	34	68	-29	-79	47	1	41	23	-74	-73	-78	-39	54	34	29	-84	53	-14	-42	-88	-66	75	34	17	-63	96	95	-42	-4	98	-27	-73	-85	62	-1	34	-61	-74	-67	-78	-49	-57	79	51	75	41	-55	-78	52	-47	1	-5	15	84	-86	-31	-32	-58	-89	6	25	11	-57	-58	66	-20	-36	-79	33	-13	39	-57	-79	-51	-33	72	31	84	-8	28	-52	33	17	58	-77	98	-97	66	-30
-81	77	49	-95	-19	1	-80	7	11	-52	-13	-71	74	-28	-7	-66	-10	-13	28	-4	-41	71	-13	-8	81	88	32	-76	-90	-39	13	-6	21	91	-77	33	-45	89	-57	3	-33	30	-51	6	48	-30	56	29	62	15	-33	65	40	31	-75	89	3	39	-13	-77	95	-32	-46	45	-5	-58	61	-18	4	64	-86	64	39	90	47	46	1	16	-7	-78	-68	27	-61	-12	19	69	-77	31	-69	-76	25	-66	57	-28	88	-60	25	-58	-96
56	-50	-75	-50	-90	-8	-1	84	97	81	-32	-33	8	-65	94	-36	16	37	37	34	-80	-11	-40	65	50	39	8	-73	63	74	-30	78	-11	18	54	46	95	9	0	-68	35	6	41	95	-7	-34	7	-68	82	-9	50	67	55	-53	53	30	-85	-52	10	-49	-31	56	72	-77	84	-47	-56	10	-40	13	-85	3	-61	40	-78	24	48	49	90	-6	-18	-3	79	-56	18	-74	-31	-76	-19	8	28	78	-81	-41	28	-67	-72	84	-45
-22	8	85	-47	-87	14	8	70	-14	25	-69	-17	12	1	0	48	-41	96	-10	-48	-71	-3	-59	-70	98	-22	86	62	-67	-87	-39	-81	49	40	55	8	10	0	-26	46	-79	-30	32	1	-27	77	20	-12	16	-11	64	-79	7	-7	-18	42	27	46	-13	80	71	-98	-20	90	37	74	-62	-27	38	-77	4	-7	-9	25	12	-12	-29	-67	-25	15	-36	80	53	-90	-18	-95	50	38	79	-55	20	44	8	33	-96	-2	-19	72	27
-37	-14	87	88	-19	-16	60	38	47	-90	-89	1	19	67	44	30	80	-39	54	80	25	6	-45	51	-43	94	-80	41	33	-88	95	13	-21	-6	-79	-74	-60	36	36	-72	-82	30	-82	-41	-64	-77	-20	82	-25	77	66	-66	-95	-33	50	-69	-12	-75	79	-2	11	21	50	76	0	76	87	12	-5	51	97	95	85	-11	25	-8	96	33	71	-12	11	-52	97	-88	-23	62	-3	19	-57	27	73	13	-53	-37	23	-46	3	67	40
73	-45	19	14	-46	-71	-62	-92	43	-70	-24	55	-54	77	-28	-67	-52	12	-92	40	35	-56	14	-68	-42	-84	75	-80	-43	-76	86	-39	13	65	1	-2	62	-70	-58	-33	-15	4	-27	-24	-31	-26	-86	-48	12	7	-5	13	80	64	-11	-15	-98	-7	90	-94	-41	-23	-94	25	36	-13	-88	-50	-44	-92	73	-57	-37	49	19	-92	-49	-22	61	20	-59	88	12	4	50	1	-32	67	-69	59	68	32	51	-39	-46	66	-22	93	63
-64	28	-34	-56	-87	-11	53	-71	-90	-21	79	6	1	2	50	70	-97	-65	-11	-49	40	74	-11	-54	-32	9	-95	-28	-30	27	47	-18	80	30	70	56	46	-43	-66	19	-74	81	42	-70	90	10	-39	-64	27	-42	40	-9	59	58	86	95	12	63	-16	91	75	-5	59	-46	-27	-21	74	40	-23	-38	-9	50	38	-55	-85	98	-12	74	86	-62	72	-93	-67	10	-90	-1	-33	-42	-25	54	84	36	-24	47	-28	38	15	-68	3
55	21	0	-75	47	91	97	49	-10	-69	68	-26	64	-90	79	48	-93	54	-25	3	87	75	-41	-21	86	66	77	15	-57	93	-95	31	-74	37	19	-65	-3	-65	-42	9	-74	-39	81	-56	25	9	18	-40	-43	81	-25	-16	-92	67	-41	81	-60	4	34	-45	-48	3	-32	-17	47	72	-62	-96	-40	7	-42	-49	-47	-3	69	-25	-69	-60	17	65	51	65	-97	45	81	-66	-33	93	7	-78	53	-96	-42	21	-39	-27	53	48	-88
-20	79	-6	-94	79	-70	-95	2	90	-4	65	-15	74	-61	-67	-16	80	-75	95	0	38	39	-67	-81	35	64	30	-59	82	-31	-15	18	-78	82	30	18	10	55	98	-79	-3	62	61	40	-65	13	14	-4	-98	-86	-37	63	35	94	65	3	-9	78	-46	14	79	91	74	94	-19	94	69	53	-49	11	74	-37	-79	-89	-45	8	46	-74	-3	-79	27	-56	-23	-45	39	-67	53	93	71	-56	-73	-86	-71	-41	20	-52	67	-31	26
-40	-61	-85	62	64	55	-9	-76	63	-3	37	-67	-7	-67	66	58	14	-55	-53	-9	-43	-79	10	22	-21	88	33	-55	-73	73	-46	-12	-82	67	-62	-30	78	-59	-37	-16	4	75	-35	69	59	-83	-92	-11	26	-83	-11	20	0	-15	68	-72	-75	-54	89	-7	-91	51	-34	-83	16	-86	34	7	98	25	-49	-74	40	57	95	-15	92	-54	22	26	61	-38	39	-80	44	70	27	-74	-20	-60	-98	52	60	71	-30	-8	-70	-88	42
-37	89	-49	18	-45	52	19	-86	94	-36	32	-6	-32	-29	-25	-25	-24	63	-69	91	-28	-82	64	53	-56	-72	-54	37	-35	-71	-57	62	86	86	4	-90	83	-78	-70	-92	85	39	30	-84	10	1	-21	-32	-21	-26	-42	-72	-63	70	-33	-1	-27	-34	-76	14	-12	-21	-75	4	-44	-33	-13	78	8	-7	-10	-2	0	-50	41	-37	-78	-71	67	97	92	50	0	77	41	22	-48	94	11	-54	-50	-13	-26	-65	88	19	34	-17	-69
-28	-50	-62	-45	2	71	47	97	49	44	-5	-60	-22	26	22	73	44	-1	14	22	61	-32	91	-71	-2	-31	-11	89	54	-78	97	-22	-35	89	30	95	31	-43	75	55	-31	15	-5	84	59	-82	36	40	42	91	48	-28	38	6	-5	82	-44	39	-48	-83	69	-33	-98	60	17	-49	1	-22	90	83	42	-70	14	10	-51	-61	72	63	31	57	83	-65	-80	-67	85	15	14	74	-84	-88	-56	23	35	-71	22	-97	-18	8	28
-42	-38	16	-23	-39	42	-13	-93	14	-25	17	-41	-27	29	17	-30	-73	67	7	46	-84	-15	-22	35	82	75	46	-23	-60	34	-41	-93	37	1	45	16	80	77	-8	-6	15	-94	31	36	88	-28	-97	20	55	23	37	-25	-94	-93	-82	-89	7	48	75	-68	11	75	-53	76	-65	-59	-39	15	-85	42	0	40	0	40	17	83	-2	30	52	75	35	29	19	90	-92	-48	81	93	-71	31	-91	-37	18	-87	-52	-11	-3	87	-64
-13	-14	-37	-25	-95	30	0	66	91	-53	61	17	1	34	-73	-9	-27	-40	0	50	-7	51	93	87	15	11	66	91	77	-56	30	-22	3	57	0	91	18	21	-88	56	-90	-15	90	72	65	-45	-76	-51	14	-7	-11	-8	-55	30	96	-10	-36	84	1	93	-36	-73	-29	-61	98	54	11	77	7	-85	17	80	-28	-18	-84	-68	-14	-26	-24	-5	-80	89	-3	-82	1	46	0	25	85	-75	13	-89	-84	93	59	25	70	91	22
15	98	91	-93	-43	-21	96	-64	62	58	78	-49	97	-61	51	-60	-89	-24	24	64	-22	69	-85	62	45	34	-73	-8	34	62	9	-3	-81	71	-69	-5	95	4	-47	-95	23	-73	-45	-47	23	15	-10	-58	-31	50	61	-34	13	69	-93	24	-32	46	95	-14	10	66	-57	66	92	-53	-39	98	49	-9	51	83	30	98	-24	55	72	-77	-74	1	-41	-1	17	-85	43	-7	20	-78	51	-2	-68	39	-3	-59	-30	40	10	46	42
67	-71	-16	1	7	-79	-1	49	-49	-13	42	-55	18	90	-69	58	33	68	82	30	-20	-61	-39	-42	-66	57	-85	-26	-14	76	45	-47	-81	-56	-17	89	-53	-38	83	-32	6	-82	-86	52	-2	-58	92	28	17	-11	-60	-87	-80	32	-20	-41	-97	-80	-94	-11	8	-43	26	24	11	-51	-23	97	93	-21	51	-75	10	60	85	6	-72	91	57	-14	27	-11	-93	-75	70	-43	-92	-57	74	-31	67	-86	8	-36	81	-46	79	-1	87
18	-78	41	35	4	54	-75	20	-11	-81	60	-54	-36	21	36	39	52	94	-78	63	-67	98	2	71	86	88	6	-94	1	-37	21	50	76	-86	-67	-11	-20	91	29	-71	22	-9	-92	-21	-62	-34	-49	51	-21	28	60	90	83	-74	49	-46	10	-31	-6	75	-66	64	66	-74	1	-39	-87	-84	87	30	-68	75	79	-28	-91	-19	-70	20	95	-2	69	95	63	2	-94	22	-21	46	-77	-65	-93	-95	29	54	10	85	-32	-51	-69
75	-70	39	-6	10	95	-79	-6	80	-19	-13	87	-2	48	33	-9	-37	-82	-69	47	64	29	12	-75	45	54	-42	10	78	26	-23	64	84	-14	38	-25	14	-49	-1	-68	31	95	-8	60	-43	94	-77	-56	-26	-26	19	31	24	60	-9	-10	15	-53	50	-12	61	-73	66	-49	37	-5	-51	17	-19	-46	12	-42	-57	97	12	6	-97	-16	-6	28	-7	-3	61	-1	-83	20	69	-33	37	-33	0	56	-31	12	10	-84	59	49	-75
72	0	-80	-66	53	-23	-77	0	97	-11	72	23	49	44	48	78	-5	-3	91	18	-56	64	-96	0	88	-77	-32	-88	-64	87	71	31	-95	96	-3	-79	-89	31	-87	75	42	79	-66	2	-63	72	-81	80	23	-15	10	-8	2	8	60	57	45	-71	-27	26	34	-4	96	80	-69	-74	-57	-88	44	35	-70	51	68	47	-81	46	-89	2	41	-5	58	23	-93	36	-61	39	0	-78	-67	5	48	97	47	-11	63	55	-65	33	-97
-53	-25	-88	31	22	-44	-86	-9	36	62	22	-69	94	0	-67	63	10	-13	97	85	-75	77	72	-7	-59	-53	-6	82	-13	-16	81	19	97	-32	-74	82	-44	29	54	10	-71	87	39	-76	-31	33	-50	46	92	64	31	44	-43	-93	-80	74	8	4	54	-96	48	36	63	19	40	61	60	2	-67	-24	-83	-33	78	59	18	-3	54	11	70	-58	44	35	-74	-84	-26	-68	35	52	-32	37	-6	59	18	-13	-32	-64	51	-55	13
2	70	61	65	66	-78	52	-1	47	-17	72	76	-5	-98	12	-13	87	-59	-26	-14	12	86	27	-3	-61	90	-20	66	46	34	60	65	-94	-84	72	49	76	-48	54	31	-95	32	-44	-38	-59	56	52	-33	77	-57	0	-2	-22	-23	-28	27	-83	-54	-65	-35	26	30	-11	-42	-55	-92	-85	65	-45	85	95	47	-94	48	-68	-84	11	-58	28	-92	56	-45	71	-58	-84	79	56	22	38	12	-52	73	44	7	36	85	-85	-95	61
-34	-6	-59	29	60	73	28	-54	-11	-8	26	74	-40	-68	-61	-62	-76	-46	-32	67	-83	-26	70	91	-83	-30	9	78	-85	-42	-28	90	-98	35	-32	86	-33	19	-8	-13	15	80	56	-86	55	-92	-98	-55	-57	-20	12	-5	-78	-9	32	96	-5	-41	-21	-80	73	6	-11	25	85	46	-54	39	-31	58	-47	-6	77	-91	-6	60	89	81	-2	86	-93	62	61	26	-35	-38	8	56	-62	48	71	34	-49	-61	44	-81	-56	-30	-76
-58	90	95	-64	-83	17	61	-69	49	-50	33	62	81	95	28	19	94	-51	87	66	68	65	-9	-12	-96	96	-48	-64	-85	70	84	76	64	-42	-20	30	62	-20	-85	-15	-60	49	11	74	81	-19	32	10	-88	85	-46	-22	-38	-8	-68	40	85	-6	-16	8	-89	-79	65	74	94	-77	39	32	-45	60	0	16	76	-7	58	-98	-50	4	90	17	-20	-22	-11	-29	-92	-33	-15	-19	-21	6	-19	91	4	21	-4	-59	22	-32	-2
54	-25	28	20	-2	84	-2	51	34	-84	16	-84	45	12	34	-93	55	-67	63	98	-13	56	-13	-32	-42	42	-56	-57	46	-41	29	28	-37	17	11	-49	75	-76	-71	-24	57	-44	-1	20	-98	-28	-7	-97	-61	-14	78	55	-38	-20	-11	-11	45	46	7	34	-33	-10	-32	89	81	0	92	-10	-56	56	69	-46	92	81	-50	-59	-80	23	-15	-36	36	32	-37	-35	81	-24	-89	-12	-34	87	40	-73	-34	-58	89	-25	-1	-69	47
-34	8	12	82	-16	-16	80	17	-82	1	-7	-54	55	-92	-81	32	-18	30	1	90	21	-51	44	-5	19	62	82	17	12	13	-49	-13	-8	-2	-32	30	-19	47	-19	-3	27	-40	20	-26	-57	-83	-37	-91	-10	17	-17	8	42	-55	-11	-13	-73	-98	-27	8	27	-10	63	-46	3	-57	86	-13	24	-56	-83	28	29	2	-52	-73	-78	-36	-83	-7	41	80	-16	74	-82	-13	-70	61	80	-40	49	4	-56	35	83	3	26	-47	47
-34	-56	-18	26	56	52	85	-81	67	-98	-83	-91	88	-60	24	61	43	73	7	66	-55	75	14	92	-6	-60	83	-26	1	3	31	4	-2	45	20	-79	-64	-15	19	-45	-74	-95	18	87	-66	-86	9	-95	-22	5	25	60	-13	43	33	-11	-61	-81	-96	85	-35	87	-33	33	-53	21	-19	58	66	71	-11	-64	-15	-14	-23	-3	52	-6	38	26	44	-17	6	61	42	24	-46	66	-60	-98	-37	11	-11	-79	-82	85	-58	-56	-29
-73	19	36	28	52	59	41	-95	18	20	-87	-48	38	-90	24	9	-38	43	30	4	54	83	89	34	46	23	-71	28	-32	-44	41	-57	48	-73	-14	63	-58	-72	16	55	95	33	-35	-30	32	63	64	83	-52	-24	32	-15	-78	-87	89	-21	81	-66	-89	21	-62	-2	9	-18	-94	-40	-31	-64	13	3	-4	-45	90	-67	41	10	21	-43	17	14	91	-94	60	-42	-88	-18	63	-58	-98	11	-50	-37	5	-36	8	-26	97	72	-90
16	-55	57	0	22	8	-93	-73	-37	-78	69	76	51	-2	-63	-13	24	38	-79	-31	-95	-78	51	-3	-88	85	-59	64	58	-83	-8	-81	-13	-70	56	-68	-71	-93	5	-27	9	-44	-19	-46	21	80	-69	30	22	-31	76	-42	55	34	-81	-3	-90	51	12	63	13	-74	-82	-71	-83	-26	-67	-6	-98	47	-92	-51	-86	40	-89	78	52	-91	5	-51	8	48	-12	-58	62	25	-25	19	71	-26	-42	-2	37	-20	-53	-36	0	21	-87
-14	65	-34	-82	90	58	58	-62	75	-29	-2	-2	84	-29	16	83	-91	4	-5	16	-54	71	-20	82	-35	15	13	-67	94	-1	-55	95	1	-89	-63	69	-58	39	-32	-34	40	16	-95	-31	-57	-45	63	-67	43	-78	-63	47	79	8	-28	-2	61	57	-69	-34	68	5	-64	66	15	10	-32	83	35	-96	-80	-5	-33	-23	-56	35	-81	-31	-22	-22	4	26	77	-61	-21	-50	78	-54	-32	-91	-74	-34	87	16	-82	62	-50	-18	11
0	33	94	-19	81	93	69	23	88	-7	41	74	-6	-1	90	6	49	5	-94	-55	-2	-54	-5	-67	63	-43	-74	89	18	20	-96	61	-68	42	-74	97	95	-44	84	90	69	-77	-21	60	-33	-18	97	-43	-69	-33	24	2	-16	88	-28	55	-34	-1	-7	-81	35	-33	-98	-18	71	-46	88	49	26	94	-23	55	22	9	-53	67	58	-92	33	98	58	-35	36	-91	80	37	-89	-66	-70	-17	36	81	51	95	-70	-42	98	-34	62
79	0	67	-46	-22	92	60	32	75	-39	26	-4	-27	-11	82	-80	79	-45	-51	33	-11	31	-77	-11	79	-6	23	79	37	-24	59	19	32	-16	-6	27	74	-39	47	7	-36	-68	-14	96	-82	73	10	-9	93	68	-23	3	-80	12	-62	12	-22	94	32	81	6	74	-41	-19	-95	18	26	14	45	62	-19	74	48	59	-74	69	-67	4	82	14	-73	-34	37	79	-87	39	-81	-87	-83	43	-51	82	92	-1	-33	0	54	96	40
98	64	27	80	96	40	62	22	38	8	18	59	-12	54	86	-59	91	57	-87	54	-32	18	94	7	-92	-4	-38	47	-5	-7	-53	46	25	5	-98	-46	-96	53	-61	59	27	41	80	-20	30	-19	67	95	62	-45	-91	40	11	33	-59	-60	-13	-47	-79	23	-76	76	74	-60	35	68	-22	-93	-75	-30	22	76	-81	10	78	-69	-3	17	-55	-50	-59	63	-3	76	30	64	-8	94	-44	36	-93	-69	-71	84	-70	59	-29	-60	31
0	80	78	23	15	-26	-34	-58	72	-85	5	60	-36	-20	-30	-21	22	0	-80	-44	0	-81	98	-1	43	50	-37	-84	32	-16	8	85	57	79	-82	-13	-40	9	-24	52	48	43	85	36	-73	-68	-22	18	33	-39	-95	-24	24	-84	94	-71	29	-60	-46	-19	-97	-87	96	91	-60	-22	16	-53	50	-75	-88	-8	62	91	-73	90	30	-39	-66	6	-96	-34	51	-63	40	-77	-4	-78	58	-93	-57	-94	-88	65	-49	78	-18	3	-52
-82	-93	53	-27	26	-2	23	-22	-4	2	-41	33	-14	-44	68	-90	-66	52	65	-47	92	29	40	37	17	-36	-59	-53	-16	40	-79	75	-92	6	-45	-65	-51	10	-71	-54	93	78	-19	32	69	-65	78	96	-47	91	-91	-21	-60	90	-27	-77	32	-36	45	25	76	44	63	28	-86	-2	-54	76	-32	85	63	95	56	-25	-84	-57	-16	29	39	-83	-94	1	57	85	44	48	95	-10	-39	-50	80	77	-2	-97	-27	75	23	-76	-68
