-3	-29	-6	-2	20	-2	-3	-32	11	23	13	-10	34	21	-29	-27	17	28	-33	4	1	14	2	19
-24	28	16	-14	31	32	18	27	-2	31	27	28	-5	8	17	-15	15	-25	2	3	28	-9	13	-9
23	18	-2	-26	-12	27	19	7	12	27	16	23	33	-11	-19	-29	-33	-15	7	-4	11	-14	26	-22
-6	-28	11	-20	26	32	12	-21	27	-15	-32	22	-26	32	-11	29	2	-22	-21	28	34	23	18	27
-27	3	-30	7	-25	32	8	12	0	23	29	20	-22	5	6	-23	-35	1	-25	24	31	18	27	22
11	31	-11	22	20	-16	-14	8	33	-35	3	10	1	-13	17	-7	9	27	27	-8	30	-12	-29	-29
-7	17	4	12	1	29	-27	33	-3	23	-13	18	32	2	-9	-26	-27	-29	18	-9	-22	-22	-33	23
1	-31	-24	20	13	13	-10	-25	-27	-19	-21	-34	-10	23	-19	-12	26	4	-17	-18	-28	-28	-13	0
-27	25	-1	12	20	-16	24	-18	-31	4	-33	-1	-7	4	-17	8	-19	29	28	27	-17	-22	5	31
0	10	24	-7	25	-9	-4	23	-14	1	-18	7	-17	15	-17	19	5	32	-16	-32	15	16	3	35
-24	-22	12	0	32	-24	34	-34	-22	-11	-5	4	16	25	14	-35	-10	-14	-28	-17	6	-3	20	-4
14	-8	-34	-15	-24	-21	2	29	15	4	34	8	24	-3	20	-28	11	-10	14	30	-18	14	13	-21
