-3	-24	23	-6	-27	11	-7	1	-27	0	-24	14
-29	28	18	-28	3	31	17	-31	25	10	-22	-8
-6	16	-2	11	-30	-11	4	-24	-1	24	12	-34
-2	-14	-26	-20	7	22	12	20	12	-7	0	-15
20	31	-12	26	-25	20	1	13	20	25	32	-24
-2	32	27	32	32	-16	29	13	-16	-9	-24	-21
-3	18	19	12	8	-14	-27	-10	24	-4	34	2
-32	27	7	-21	12	8	33	-25	-18	23	-34	29
11	-2	12	27	0	33	-3	-27	-31	-14	-22	15
23	31	27	-15	23	-35	23	-19	4	1	-11	4
13	27	16	-32	29	3	-13	-21	-33	-18	-5	34
-10	28	23	22	20	10	18	-34	-1	7	4	8
34	-5	33	-26	-22	1	32	-10	-7	-17	16	24
21	8	-11	32	5	-13	2	23	4	15	25	-3
-29	17	-19	-11	6	17	-9	-19	-17	-17	14	20
-27	-15	-29	29	-23	-7	-26	-12	8	19	-35	-28
17	15	-33	2	-35	9	-27	26	-19	5	-10	11
28	-25	-15	-22	1	27	-29	4	29	32	-14	-10
-33	2	7	-21	-25	27	18	-17	28	-16	-28	14
4	3	-4	28	24	-8	-9	-18	27	-32	-17	30
1	28	11	34	31	30	-22	-28	-17	15	6	-18
14	-9	-14	23	18	-12	-22	-28	-22	16	-3	14
2	13	26	18	27	-29	-33	-13	5	3	20	13
19	-9	-22	27	22	-29	23	0	31	35	-4	-21
